

2020 12  25
0
-1280287672 -1280287668 -1280287664 
2020 12  25
0
-1280287672 -1280287668 -1280287664 
2020 12  25
0
-1280287672 -1280287668 -1280287664 
2020 12  25
0
-1280287672 -1280287668 -1280287664 
2020 12  25
0
-1280287672 -1280287668 -1280287664 
2020 12  25
0
-1280287672 -1280287668 -1280287664 
2020 12  25
1
-1280287672 -1280287668 -1280287664 
2020 12  25
0
-1280287672 -1280287668 -1280287664 
2020 12  25
0
-1280287672 -1280287668 -1280287664 
2020 12  25
0
-1280287672 -1280287668 -1280287664 
2020 12  25
0
-1280287672 -1280287668 -1280287664 
2020 12  25
0
-1280287672 -1280287668 -1280287664 
2020 12  25
0
-1280287672 -1280287668 -1280287664 
2020 12  25
0
-1280287672 -1280287668 -1280287664 
2020 12  25
0
-1280287672 -1280287668 -1280287664 
2020 12  25
0
-1280287672 -1280287668 -1280287664 
2020 12  25
0
-1280287672 -1280287668 -1280287664 
2020 12  25
1
-1280287672 -1280287668 -1280287664 
2020 12  26
2020 12  26
0
1028593672 1028593676 1028593680 
2020 12  26
0
1028593672 1028593676 1028593680 
2020 12  26
1
1028593672 1028593676 1028593680 
2020 12  26
1
1028593672 1028593676 1028593680 
2020 12  26
1
1028593672 1028593676 1028593680 
2020 12  26
0
1028593672 1028593676 1028593680 
2020 12  26
1
1028593672 1028593676 1028593680 
2020 12  26
0
449132056 449132060 449132064 
2020 12  26
1
449132056 449132060 449132064 
2020 12  26
1
449132056 449132060 449132064 
2020 12  26
0
449132056 449132060 449132064 
2020 12  26
0
449132056 449132060 449132064 
2020 12  26
0
449132056 449132060 449132064 
2020 12  26
0
449132056 449132060 449132064 
2020 12  26
2020 12  26
0
-1803041144 -1803041140 -1803041136 
2020 12  26
1
-1803041144 -1803041140 -1803041136 
2020 12  26
1
-1803041144 -1803041140 -1803041136 
2020 12  26
0
-1803041144 -1803041140 -1803041136 
2020 12  26
0
-1803041144 -1803041140 -1803041136 
2020 12  26
0
-1803041144 -1803041140 -1803041136 
2020 12  26
0
-1803041144 -1803041140 -1803041136 
2020 12  26
0
-1803041144 -1803041140 -1803041136 
2020 12  26
0
-1803041144 -1803041140 -1803041136 
2020 12  28
0
-527069608 -527069604 -527069600 
2020 12  28
0
-527069608 -527069604 -527069600 
2020 12  28
0
-527069608 -527069604 -527069600 
2020 12  28
1
-527069608 -527069604 -527069600 
2020 12  28
0
-527069608 -527069604 -527069600 
2020 12  28
2020 12  28
0
-527069608 -527069604 -527069600 
2020 12  28
0
-527069608 -527069604 -527069600 
2020 12  28
0
-527069608 -527069604 -527069600 
2020 12  28
0
-527069608 -527069604 -527069600 
2020 12  28
0
-527069608 -527069604 -527069600 
2020 12  28
0
-527069608 -527069604 -527069600 
2020 12  28
0
-527069608 -527069604 -527069600 
2020 12  28
0
-394744440 -394744436 -394744432 
2020 12  28
1
-394744440 -394744436 -394744432 
2020 12  28
0
-394744440 -394744436 -394744432 
2020 12  30
1
-1726662968 -1726662964 -1726662960 
2020 12  30
1
-1726662968 -1726662964 -1726662960 
2020 12  30
1
-1726662968 -1726662964 -1726662960 
2020 12  30
1
-1726662968 -1726662964 -1726662960 
2020 12  30
1
-1726662968 -1726662964 -1726662960 
2020 12  30
1
-1726662968 -1726662964 -1726662960 
2020 12  30
0
-1726662968 -1726662964 -1726662960 
2020 12  30
0
-1726662968 -1726662964 -1726662960 
2020 12  30
0
461946040 461946044 461946048 
2020 12  30
0
-1468714872 -1468714868 -1468714864 
2020 12  30
0
1750160648 1750160652 1750160656 
2020 12  30
0
1209850840 1209850844 1209850848 
2020 12  30
2020 12  30
0
1713457800 1713457804 1713457808 
2020 12  30
2020 12  30
0
-880085256 -880085252 -880085248 
2020 12  30
1
-880085256 -880085252 -880085248 
2020 12  30
1
-880085256 -880085252 -880085248 
2020 12  30
1
-880085256 -880085252 -880085248 
2020 12  30
0
-880085256 -880085252 -880085248 
2020 12  30
2020 12  30
0
2067511000 2067511004 2067511008 
2020 12  30
0
2067511000 2067511004 2067511008 
2020 12  30
0
2067511000 2067511004 2067511008 
2020 12  30
0
2067511000 2067511004 2067511008 
2020 12  30
0
-189597576 -189597572 -189597568 
2020 12  30
2020 12  30
0
-927399560 -927399556 -927399552 
2020 12  30
0
-927399560 -927399556 -927399552 
2020 12  30
2020 12  30
0
-1616750312 -1616750308 -1616750304 
2020 12  30
0
541737720 541737724 541737728 
2020 12  30
0
541737720 541737724 541737728 
2020 12  30
2020 12  30
0
9541928 9541932 9541936 
2020 12  30
0
9541928 9541932 9541936 
2020 12  30
0
9541928 9541932 9541936 
2020 12  30
0
9541928 9541932 9541936 
2020 12  30
0
9541928 9541932 9541936 
2020 12  30
1
9541928 9541932 9541936 
2020 12  30
0
9541928 9541932 9541936 
2020 12  30
0
9541928 9541932 9541936 
2020 12  30
0
9541928 9541932 9541936 
2020 12  30
1
9541928 9541932 9541936 
2020 12  30
0
812920824 812920828 812920832 
2020 12  30
1
812920824 812920828 812920832 
2020 12  30
1
812920824 812920828 812920832 
2020 12  30
0
812920824 812920828 812920832 
2020 12  30
0
812920824 812920828 812920832 
2020 12  30
0
812920824 812920828 812920832 
2020 12  30
0
812920824 812920828 812920832 
2020 12  30
0
812920824 812920828 812920832 
2020 12  30
0
812920824 812920828 812920832 
2020 12  30
2020 12  30
0
-529520824 -529520820 -529520816 
2020 12  31
0
1991902168 1991902172 1991902176 
2021 1  1
0
-1286894664 -1286894660 -1286894656 
2021 1  1
0
-1286894664 -1286894660 -1286894656 
2021 1  1
0
-1286894664 -1286894660 -1286894656 
2021 1  1
0
-1286894664 -1286894660 -1286894656 
2021 1  1
0
-1286894664 -1286894660 -1286894656 
2021 1  1
0
-1286894664 -1286894660 -1286894656 
2021 1  1
0
-1286894664 -1286894660 -1286894656 
2021 1  1
0
-1286894664 -1286894660 -1286894656 
2021 1  1
0
-1286894664 -1286894660 -1286894656 
2021 1  1
0
-1901279080 -1901279076 -1901279072 
2021 1  1
2021 1  1
2021 1  1
2021 1  1
2021 1  1
2021 1  1
0
411254824 411254828 411254832 
2021 1  1
0
411254824 411254828 411254832 
2021 1  1
2021 1  1
2021 1  1
2021 1  1
2021 1  1
2021 1  1
0
1240407352 1240407356 1240407360 
2021 1  1
2021 1  1
0
-1454955992 -1454955988 -1454955984 
2021 1  1
2021 1  1
2021 1  1
2021 1  1
2021 1  1
0
828961960 828961964 828961968 
2021 1  1
0
828961960 828961964 828961968 
2021 1  1
2021 1  1
0
943590136 943590140 943590144 
2021 1  1
0
943590136 943590140 943590144 
2021 1  1
0
1491014024 1491014028 1491014032 
2021 1  1
0
1491014024 1491014028 1491014032 
2021 1  1
0
1491014024 1491014028 1491014032 
2021 1  1
2021 1  1
0
1491014024 1491014028 1491014032 
2021 1  1
2021 1  1
0
1491014024 1491014028 1491014032 
2021 1  1
0
-1165602248 -1165602244 -1165602240 
2021 1  1
2021 1  1
2021 1  1
2021 1  1
2021 1  1
2021 1  1
2021 1  1
2021 1  1
2021 1  1
2021 1  1
2021 1  1
2021 1  1
0
-1097162440 -1097162436 -1097162432 
2021 1  1
2021 1  1
2021 1  1
0
1932529752 1932529756 1932529760 
2021 1  1
0
1932529752 1932529756 1932529760 
2021 1  1
0
163093336 163093340 163093344 
2021 1  1
2021 1  1
0
1486130952 1486130956 1486130960 
2021 1  1
0
1486130952 1486130956 1486130960 
2021 1  1
0
1486130952 1486130956 1486130960 
2021 1  1
0
1486130952 1486130956 1486130960 
2021 1  1
0
1486130952 1486130956 1486130960 
2021 1  1
0
1486130952 1486130956 1486130960 
2021 1  1
0
1486130952 1486130956 1486130960 
2021 1  1
0
1486130952 1486130956 1486130960 
2021 1  1
0
1486130952 1486130956 1486130960 
2021 1  1
0
1486130952 1486130956 1486130960 
2021 1  1
2021 1  1
2021 1  1
2021 1  1
2021 1  1
0
-2027685848 -2027685844 -2027685840 
2021 1  1
2021 1  1
2021 1  1
2021 1  1
2021 1  1
2021 1  1
2021 1  1
2021 1  1
2021 1  1
2021 1  1
2021 1  1
2021 1  1
2021 1  1
2021 1  1
2021 1  1
2021 1  1
2021 1  1
2021 1  1
2021 1  1
2021 1  1
2021 1  1
2021 1  1
2021 1  1
2021 1  1
2021 1  1
2021 1  2
2021 1  2
2021 1  2
2021 1  2
2021 1  2
2021 1  2
2021 1  2
2021 1  3
2021 1  3
2021 1  3
2021 1  3
2021 1  3
2021 1  3
2021 1  3
2021 1  3
2021 1  3
2021 1  3
2021 1  3
2021 1  3
2021 1  3
2021 1  3
2021 1  3
2021 1  3
0
-428410248 -428410244 -428410240 
2021 1  3
2021 1  3
0
-428410248 -428410244 -428410240 
2021 1  3
2021 1  3
